Иванов Менеджер 15 5 1980 10 50000.50
Петров Инженер 20 8 1975 15 65000.75
Сидоров Программист 10 3 1990 5 80000.00
Кузнецов Аналитик 25 11 1985 8 75000.25
Смирнов Директор 1 1 1970 20 100000.00
Васильев Бухгалтер 12 7 1982 12 60000.50
Попов Тестировщик 5 9 1995 3 45000.00
Новиков Дизайнер 18 4 1988 7 55000.75
Федоров Разработчик 30 12 1983 10 85000.00
Морозов Администратор 8 2 1992 4 48000.50
Волков Маркетолог 22 6 1987 9 70000.25
Лебедев Аналитик 14 10 1981 11 72000.00
Козлов Программист 3 3 1993 2 50000.00
Егоров Инженер 27 7 1978 16 68000.50
Павлов Менеджер 9 11 1989 6 58000.75
Семенов Тестировщик 16 5 1984 10 60000.00
Голубев Разработчик 4 8 1991 3 52000.25
Виноградов Бухгалтер 19 9 1986 13 63000.50
Богданов Дизайнер 11 12 1994 5 55000.00
Воробьев Администратор 6 2 1996 1 40000.75